>eye position = 1.17, 8.08, 12.59
>look at = 0.00, 0.00, 0.00
>up = 0.21, 0.81, -0.54
>background = 0.4, 0.4, 0.9

Instance 1; 0.00, 0.00, 0.00; 1.00, 1.00, 1.00; 0; 0.00, 1.00, 0.00; 1.00, 1.00, 0.00; 10; 1
Instance 2; 0.00, -1.00, 0.00; 1.00, 1.00, 1.00; 0; 0.00, 1.00, 0.00; 1.00, 1.00, 0.00; 10; 1
Instance 3; 0.00, -2.00, 0.00; 1.00, 1.00, 1.00; 0; 0.00, 1.00, 0.00; 1.00, 1.00, 0.00; 10; 1
Instance 4; 0.00, -3.00, 0.00; 1.00, 1.00, 1.00; 0; 0.00, 1.00, 0.00; 1.00, 1.00, 0.00; 10; 1
Instance 5; 1.00, -3.00, 0.00; 1.00, 1.00, 1.00; 0; 0.00, 1.00, 0.00; 1.00, 1.00, 0.00; 10; 1
Instance 6; 2.00, -3.00, 0.00; 1.00, 1.00, 1.00; 0; 0.00, 1.00, 0.00; 1.00, 1.00, 0.00; 10; 1
Instance 7; 3.00, -3.00, 0.00; 1.00, 1.00, 1.00; 0; 0.00, 1.00, 0.00; 1.00, 1.00, 0.00; 10; 1
Instance 8; 3.00, -4.00, 0.00; 1.00, 1.00, 1.00; 0; 0.00, 1.00, 0.00; 1.00, 1.00, 0.00; 10; 1